CHR	SNP	BP	A1	A2	FRQ_A_38691	FRQ_U_186843	INFO	OR	SE	P	ngt	Direction	HetISqt	HetDf	HetPVa	Nca	Nco	Neff_half
8	rs62513865	101592213	C	T	0.925	0.937	0.981	0.99631	0.0175	0.8325	0	+---+++0-++-+	0.0	12	0.6764	38691	186843	51567.76
8	rs79643588	106973048	G	A	0.91	0.917	1	1.00411	0.0159	0.7967	0	++--++-+-+-++	2.2	12	0.4238	38691	186843	51567.76
8	rs17396518	108690829	T	G	0.561	0.577	0.998	0.99611	0.0096	0.6876	3	--++-++??-+--	66.1	10	0.001038	37367	184388	49947.11
8	rs983166	108681675	A	C	0.57	0.586	0.996	0.99491	0.0096	0.5956	0	--++-++++-+--	43.4	12	0.04762	38691	186843	51567.76
8	rs28842593	103044620	T	C	0.839	0.836	0.982	0.98314	0.0135	0.2081	0	----++0+??--+	0.0	10	0.5145	37504	184525	50084.11
8	rs7014597	104152280	G	C	0.824	0.824	0.997	0.99950	0.0122	0.9679	0	+-++-+++++---	22.7	12	0.2143	38691	186843	51567.76
8	rs3134156	100479917	T	C	0.841	0.833	0.997	0.98866	0.0128	0.3762	0	-+----+--++--	0.0	12	0.8265	38691	186843	51567.76
8	rs6980591	103144592	A	C	0.783	0.79	1	1.01106	0.0108	0.3075	9	++-++---+++++	0.0	12	0.9864	38691	186843	51567.76
8	rs72670434	108166508	A	T	0.642	0.623	0.983	1.00672	0.0103	0.5171	0	+++-+++--+++-	0.0	12	0.7168	38691	186843	51567.76
